<?xml version="1.0" encoding="UTF-8" standalone="no"?>
<!-- Created with Inkscape (http://www.inkscape.org/) -->

<svg
   width="210mm"
   height="297mm"
   viewBox="0 0 210 297"
   version="1.1"
   id="svg1"
   xml:space="preserve"
   inkscape:version="1.3.1 (9b9bdc1480, 2023-11-25, custom)"
   sodipodi:docname="logo_titre"
   xmlns:inkscape="http://www.inkscape.org/namespaces/inkscape"
   xmlns:sodipodi="http://sodipodi.sourceforge.net/DTD/sodipodi-0.dtd"
   xmlns="http://www.w3.org/2000/svg"
   xmlns:svg="http://www.w3.org/2000/svg"><sodipodi:namedview
     id="namedview1"
     pagecolor="#ffffff"
     bordercolor="#000000"
     borderopacity="0.25"
     inkscape:showpageshadow="2"
     inkscape:pageopacity="0.0"
     inkscape:pagecheckerboard="0"
     inkscape:deskcolor="#d1d1d1"
     inkscape:document-units="mm"
     inkscape:zoom="0.68862935"
     inkscape:cx="329.64032"
     inkscape:cy="361.58784"
     inkscape:window-width="1920"
     inkscape:window-height="946"
     inkscape:window-x="0"
     inkscape:window-y="27"
     inkscape:window-maximized="1"
     inkscape:current-layer="layer1" /><defs
     id="defs1" /><g
     inkscape:label="Calque 1"
     inkscape:groupmode="layer"
     id="layer1"><g
       id="g5"
       transform="translate(0.75062622,-23.53268)"><path
         style="fill:#99999d"
         d="m 49.458259,138.18596 c -0.473552,-0.10614 -0.95941,-0.23572 -1.079684,-0.28795 -0.242548,-0.10533 -0.374032,-0.84308 -0.477349,-2.67837 -0.09432,-1.67547 -0.07293,-1.64392 -0.850668,-1.25458 -0.606002,0.30336 -0.737815,0.31552 -1.455334,0.13426 -1.481218,-0.37417 -2.376565,-1.89604 -2.715212,-4.61517 -0.368429,-2.95826 0.436109,-5.17964 2.298826,-6.34721 0.699075,-0.43819 0.868659,-0.4753 2.171877,-0.4753 1.677295,0 3.133073,0.3205 3.327997,0.73268 0.152251,0.32194 0.167259,12.86832 0.01691,14.13216 -0.0515,0.4329 -0.157248,0.8018 -0.234995,0.81978 -0.07775,0.018 -0.528811,-0.0541 -1.002363,-0.1603 z m -2.196722,-8.17521 c 0.343877,-0.49474 0.617125,-1.87866 0.557085,-2.82147 -0.03715,-0.58335 -0.0945,-0.69637 -0.376265,-0.74151 -1.083283,-0.17352 -1.493467,0.46258 -1.454484,2.25559 0.01549,0.71256 0.09772,1.39039 0.182716,1.5063 0.249968,0.34086 0.783369,0.2436 1.090948,-0.19891 z m 65.538573,8.17031 c -1.44502,-0.44367 -1.43189,-0.43067 -1.53219,-1.51667 -0.0643,-0.69564 -0.0223,-1.2593 0.1442,-1.93697 l 0.23482,-0.95581 -0.43303,-0.51579 c -0.92355,-1.10004 -1.3564,-2.67172 -1.37167,-4.98051 -0.009,-1.41943 0.0337,-1.72141 0.35702,-2.50147 0.79295,-1.91323 2.02047,-2.88266 3.79699,-2.99865 1.23219,-0.0804 3.34147,0.31378 3.67038,0.686 0.18119,0.20505 0.20992,0.68544 0.17478,2.92241 -0.0358,2.27879 0.004,2.91499 0.26719,4.27677 0.59026,3.05348 0.16589,5.82493 -1.05305,6.87709 -0.9971,0.86068 -2.70643,1.11921 -4.25544,0.6436 z m 2.5509,-4.31393 c 0.29659,-0.33565 0.49434,-1.20708 0.27391,-1.20708 -0.0768,0 -1.34054,1.45967 -1.34054,1.54838 0,0.0283 0.16193,0.0514 0.35983,0.0514 0.1979,0 0.51596,-0.1767 0.7068,-0.39266 z m -1.08509,-3.85643 c 0.34771,-0.50026 0.62596,-1.84394 0.56113,-2.7098 -0.0397,-0.53082 -0.10458,-0.64898 -0.38034,-0.69315 -0.53804,-0.0862 -0.99077,0.11046 -1.2382,0.53781 -0.26869,0.46408 -0.29375,2.70932 -0.0342,3.06326 0.25054,0.34163 0.78369,0.24487 1.0916,-0.19812 z m 68.11869,8.1208 c -0.13127,-0.17895 -0.19697,-1.73414 -0.25414,-6.0159 -0.0724,-5.41834 -0.0956,-5.82389 -0.37703,-6.57442 -0.6732,-1.79537 -0.60124,-2.20551 0.44753,-2.55054 1.17589,-0.38686 1.29302,-0.34963 1.75024,0.55636 l 0.40645,0.80539 0.39026,-0.57904 c 0.56237,-0.8344 1.15232,-1.1904 1.97386,-1.1911 2.34224,-0.002 3.73498,2.7015 3.33195,6.46782 -0.25851,2.41578 -1.03531,3.85996 -2.51768,4.68073 -0.58682,0.32491 -1.01424,0.44367 -1.59672,0.44367 h -0.7954 l -0.0944,1.75948 c -0.0519,0.96772 -0.14459,1.81625 -0.20589,1.88562 -0.0613,0.0694 -0.59982,0.22224 -1.19672,0.33971 -0.9501,0.18697 -1.1073,0.18352 -1.26229,-0.0278 z m 4.0608,-8.09316 c 0.40045,-0.45319 0.53074,-1.1174 0.47096,-2.40093 -0.0512,-1.09865 -0.28027,-1.37967 -0.91998,-1.12852 -0.61579,0.24176 -0.89048,1.04098 -0.89073,2.59172 l -2.2e-4,1.31979 h 0.50118 c 0.33986,0 0.60985,-0.12297 0.83879,-0.38206 z m 5.52335,8.18475 c -0.20699,-0.73936 -0.26784,-1.9222 -0.34792,-6.76285 -0.0747,-4.51667 -0.12872,-5.5341 -0.31833,-5.99905 -0.12559,-0.30795 -0.2714,-0.85605 -0.32401,-1.218 -0.12197,-0.83904 0.088,-1.09315 1.11925,-1.35432 0.90053,-0.22806 1.06129,-0.13674 1.50952,0.85756 l 0.28232,0.62626 0.49901,-0.65975 c 0.63472,-0.83918 1.13914,-1.13129 1.95352,-1.13129 1.14335,0 2.24452,0.90952 2.90528,2.39962 0.61827,1.39429 0.52152,4.83281 -0.18376,6.53081 -0.66116,1.59179 -2.06413,2.64686 -3.53295,2.65686 l -0.81281,0.006 -0.0119,0.88253 c -0.0142,1.04956 -0.18282,2.676 -0.29003,2.79733 -0.0419,0.0474 -0.45222,0.15974 -0.91192,0.24972 -0.45971,0.09 -0.98036,0.19947 -1.157,0.24328 -0.18953,0.047 -0.34456,-0.004 -0.37824,-0.12424 z m 3.9844,-8.04736 c 0.37636,-0.29833 0.60055,-1.14999 0.6016,-2.28544 0.001,-1.09563 -0.17722,-1.46925 -0.70089,-1.46925 -0.82267,0 -1.13599,0.7309 -1.13599,2.64999 v 1.34937 h 0.4633 c 0.25482,0 0.60221,-0.1101 0.77198,-0.24467 z m -169.27702,3.92774 c -1.74509,-0.4686 -2.634637,-2.46109 -2.6442,-5.92271 -0.0053,-1.92265 0.01061,-2.03264 0.413247,-2.85528 0.549454,-1.1226 1.594486,-2.17136 2.504495,-2.51342 0.791975,-0.29769 2.519122,-0.26194 3.861985,0.0799 1.19641,0.30459 1.121707,0.0546 1.20821,4.04287 0.06983,3.21939 0.108247,3.64959 0.395743,4.43143 0.199195,0.5417 0.302553,1.1089 0.276063,1.51494 -0.04147,0.63562 -0.05842,0.65473 -0.819821,0.92404 -1.162199,0.41108 -1.224243,0.39109 -1.635319,-0.52696 l -0.367847,-0.8215 -0.58871,0.72385 c -0.771327,0.94839 -1.520215,1.2138 -2.603846,0.92281 z m 1.443365,-3.78244 c 0.125856,-0.0547 0.325386,-0.31068 0.4434,-0.56895 0.227932,-0.49881 0.505218,-2.7558 0.382892,-3.11655 -0.11042,-0.32565 -1.085556,-0.26625 -1.474078,0.0898 -0.287776,0.26371 -0.338545,0.47165 -0.380823,1.55975 -0.07205,1.85444 0.201193,2.39528 1.028609,2.03596 z m 26.313926,3.78037 c -0.622354,-0.22251 -1.181952,-0.92383 -1.52465,-1.91077 -0.282072,-0.81235 -0.314315,-1.2447 -0.367963,-4.93402 -0.04413,-3.03446 -0.01567,-4.10247 0.114025,-4.27932 0.126949,-0.17311 0.485863,-0.23567 1.352098,-0.23567 1.021238,0 1.198883,0.0415 1.325606,0.30944 0.08714,0.18425 0.146333,1.62797 0.146333,3.56885 0,3.6712 0.07066,4.00291 0.7916,3.71599 0.217259,-0.0865 0.525601,-0.40878 0.685204,-0.71625 0.258603,-0.49818 0.295484,-0.88116 0.338842,-3.51856 0.02802,-1.70456 0.11029,-3.04432 0.194008,-3.1595 0.09505,-0.13076 0.552297,-0.19997 1.321258,-0.19997 0.78549,0 1.213873,0.0664 1.290265,0.19997 0.0629,0.10999 0.149865,1.81971 0.193257,3.7994 0.06568,2.99669 0.122727,3.71997 0.34065,4.31931 0.143965,0.39594 0.267491,1.11133 0.274503,1.58975 l 0.01275,0.86986 -0.879162,0.31919 c -0.839256,0.3047 -0.891605,0.30644 -1.153298,0.0384 -0.150775,-0.15442 -0.351278,-0.49153 -0.445562,-0.74912 -0.211264,-0.57721 -0.411916,-0.58961 -0.854622,-0.0529 -0.717593,0.87005 -2.222426,1.35932 -3.155141,1.02585 z m 9.456332,-0.0258 c -1.377508,-0.5706 -1.625633,-1.63883 -1.625633,-6.99871 0,-2.40554 0.05695,-3.98173 0.152439,-4.2189 0.117066,-0.29077 0.08706,-0.69105 -0.129324,-1.725 -0.241216,-1.15263 -0.255447,-1.41765 -0.09889,-1.84169 0.582787,-1.57848 2.399336,-1.56931 2.9843,0.0151 0.146556,0.39694 0.156638,0.7732 0.04536,1.69286 -0.07869,0.65037 -0.134806,1.36245 -0.124697,1.58242 0.01011,0.21996 0.04792,2.03768 0.08403,4.03936 0.06259,3.47001 0.07842,3.63942 0.339948,3.63942 0.564828,0 0.802563,0.896 0.733246,2.76352 -0.02478,0.6677 -0.07604,0.78436 -0.407263,0.92687 -0.601387,0.25876 -1.492632,0.31568 -1.953519,0.12477 z m 5.06282,0.0167 c -0.6292,-0.2183 -1.244835,-0.9687 -1.46247,-1.78261 -0.133127,-0.49786 -0.199915,-2.40938 -0.240323,-6.87818 l -0.05596,-6.18869 0.326997,-0.23342 c 0.479776,-0.34248 2.235082,-0.65133 2.432604,-0.42803 0.105486,0.11925 0.179075,2.05538 0.226824,5.96778 l 0.07068,5.79127 0.608913,0.0172 c 0.334903,0.009 0.676564,0.0938 0.759248,0.18734 0.08268,0.0936 0.183239,0.82323 0.223456,1.62145 l 0.07312,1.45132 -0.503881,0.23826 c -0.663126,0.31356 -1.89531,0.43196 -2.45921,0.23631 z m 5.373455,-0.13383 c -1.327138,-0.70156 -1.448563,-1.43981 -1.454918,-8.84579 -0.0042,-4.88751 0.02882,-5.90596 0.197648,-6.09702 0.111476,-0.12615 0.540855,-0.2793 0.954176,-0.34032 0.413321,-0.061 0.878716,-0.14363 1.034211,-0.18358 0.700335,-0.17993 0.701844,-0.1682 0.777476,6.04362 l 0.07068,5.80504 0.604242,0.0173 c 0.332333,0.009 0.640051,0.0578 0.683818,0.10731 0.193401,0.21887 0.314545,1.38538 0.238979,2.30117 -0.07592,0.92004 -0.11406,1.01055 -0.488056,1.15809 -0.882056,0.34798 -1.997152,0.36256 -2.618256,0.0342 z m 6.449183,0.0922 c -1.990292,-0.6347 -2.974716,-2.61336 -3.00001,-6.02992 -0.01499,-2.02434 0.299606,-3.12603 1.188718,-4.16285 0.857968,-1.0005 1.655126,-1.35545 3.019836,-1.34466 1.843468,0.0146 2.793696,0.7098 3.591919,2.62796 0.335618,0.80651 0.365207,1.04658 0.354907,2.87955 -0.01312,2.33569 -0.252707,3.47204 -0.95023,4.50699 -0.87923,1.30455 -2.757202,1.98467 -4.20514,1.52293 z m 1.864437,-4.15022 c 0.0941,-0.19797 0.199636,-0.91221 0.234533,-1.58719 0.05959,-1.1526 0.04128,-1.25234 -0.301043,-1.63974 -0.472002,-0.53416 -0.981408,-0.53078 -1.3566,0.009 -0.230343,0.33139 -0.292979,0.6512 -0.292979,1.49588 0,0.59091 0.06983,1.30109 0.155188,1.57817 0.142116,0.46136 0.207189,0.5038 0.772503,0.5038 0.495248,0 0.651145,-0.0712 0.788398,-0.35994 z m 13.023412,4.20065 c -2.530907,-0.6075 -3.710166,-2.40723 -4.141325,-6.32032 -0.440879,-4.00129 0.848333,-7.14806 3.385187,-8.26272 1.113508,-0.48926 3.015755,-0.48589 4.139141,0.007 1.710857,0.75114 2.879407,2.51293 3.231147,4.87153 0.20412,1.36872 0.0917,3.82731 -0.24435,5.34105 -0.44907,2.02317 -1.7957,3.67263 -3.437438,4.21041 -0.728226,0.23854 -2.245605,0.31758 -2.932362,0.15273 z m 2.487153,-4.11609 c 0.579447,-0.48299 0.854033,-1.61968 0.860941,-3.56401 0.0085,-2.4028 -0.468944,-3.29712 -1.854721,-3.47389 -0.913984,-0.11658 -1.583233,0.25547 -1.982587,1.10216 -0.28884,0.61239 -0.326387,0.91284 -0.326387,2.61169 0,1.75381 0.03074,1.9819 0.355803,2.63958 0.252152,0.51017 0.499233,0.77797 0.848156,0.91927 0.648785,0.26273 1.634154,0.15249 2.098795,-0.2348 z m 23.802147,4.11842 c -1.74509,-0.4686 -2.63464,-2.46109 -2.6442,-5.92271 -0.005,-1.92265 0.0106,-2.03264 0.41324,-2.85528 0.54946,-1.1226 1.59449,-2.17136 2.5045,-2.51342 0.79197,-0.29769 2.51912,-0.26194 3.86198,0.0799 1.19641,0.30459 1.12171,0.0546 1.20821,4.04287 0.0698,3.21939 0.10825,3.64959 0.39575,4.43143 0.19919,0.5417 0.30255,1.1089 0.27606,1.51494 -0.0415,0.63562 -0.0584,0.65473 -0.81982,0.92404 -1.1622,0.41108 -1.22425,0.39109 -1.63532,-0.52696 l -0.36785,-0.8215 -0.58871,0.72385 c -0.77133,0.94839 -1.52021,1.2138 -2.60384,0.92281 z m 1.44336,-3.78244 c 0.12586,-0.0547 0.32539,-0.31068 0.4434,-0.56895 0.22793,-0.49881 0.50522,-2.7558 0.38289,-3.11655 -0.11042,-0.32565 -1.08555,-0.26625 -1.47407,0.0898 -0.28778,0.26371 -0.33855,0.47165 -0.38083,1.55975 -0.0721,1.85444 0.2012,2.39528 1.02861,2.03596 z m 16.52106,3.63747 c -1.21665,-0.64322 -1.45406,-1.79355 -1.4575,-7.06193 -0.002,-3.13807 0.0339,-3.82245 0.21588,-4.11656 0.14969,-0.24186 0.17781,-0.44165 0.0895,-0.6355 -0.0709,-0.15551 -0.2083,-0.76963 -0.30538,-1.36472 -0.1412,-0.86559 -0.14113,-1.17861 3.6e-4,-1.56517 0.25812,-0.70524 0.78747,-1.11226 1.44652,-1.11226 0.46835,0 0.65806,0.10757 1.12842,0.63988 l 0.56542,0.63987 -0.10169,1.22807 c -0.0559,0.67544 -0.16537,1.38623 -0.24319,1.57953 -0.097,0.24091 -0.0925,0.45517 0.0144,0.68114 0.10012,0.21171 0.15591,1.59272 0.15591,3.85962 v 3.52996 h 0.33609 c 0.55344,0 0.68356,0.36061 0.70459,1.95268 0.0191,1.44789 0.0122,1.4808 -0.35459,1.68253 -0.6852,0.37687 -1.55369,0.40174 -2.19469,0.0629 z m 13.48661,0.13629 c -2.11158,-0.59892 -3.12681,-2.56514 -3.13779,-6.07707 -0.005,-1.58554 0.0216,-1.74465 0.46009,-2.75285 0.54753,-1.25899 1.31159,-2.06481 2.39126,-2.52197 1.76086,-0.74557 3.58127,-0.18352 4.42815,1.3672 0.26052,0.47706 0.31177,0.79357 0.29967,1.85096 -0.0183,1.60365 -0.32538,2.43608 -1.20571,3.26885 -0.35952,0.34009 -0.65367,0.6795 -0.65367,0.75425 0,0.0747 0.27617,0.089 0.61371,0.0317 0.59433,-0.10086 0.62,-0.0873 0.81282,0.43013 0.11157,0.29939 0.19911,1.06176 0.19911,1.73408 v 1.19981 l -0.93299,0.35303 c -1.09923,0.41594 -2.52747,0.57375 -3.27465,0.36183 z m 0.80345,-7.4509 c 0.12298,-0.0534 0.2236,-0.16139 0.2236,-0.23997 0,-0.22889 -0.37339,-0.16477 -0.56544,0.0971 -0.18656,0.25439 -0.0482,0.31222 0.34184,0.14286 z m -141.200407,7.25596 c -0.20542,-0.73683 -0.269536,-1.8442 -0.345026,-5.95905 l -0.08511,-4.63926 -1.201555,-0.08 -1.201554,-0.08 -0.116815,-0.71988 c -0.2304396,-1.42012 -0.2674588,-2.5647 -0.090744,-2.80567 0.143345,-0.19547 0.847375,-0.23345 4.28895,-0.2314 2.264599,10e-4 4.206708,0.0664 4.315796,0.14456 0.157358,0.11274 0.176449,0.38496 0.09239,1.31734 -0.191293,2.12171 -0.218032,1.98108 0.367002,1.93012 0.521058,-0.0454 0.700302,0.10806 1.200225,1.02749 0.151919,0.2794 0.190189,0.2665 0.636118,-0.21452 0.833513,-0.8991 1.74666,-1.18651 2.644449,-0.83233 0.414308,0.16345 0.444877,0.22723 0.440904,0.91986 -0.0023,0.40932 -0.147542,1.32014 -0.322653,2.02402 l -0.318384,1.2798 -0.686573,0.0898 c -0.514165,0.0673 -0.770366,0.20006 -1.020261,0.52883 -0.313971,0.41309 -0.33442,0.56847 -0.346072,2.62976 -0.0068,1.2049 -0.05452,2.55067 -0.10602,2.9906 l -0.09364,0.79987 -1.144453,0.0461 c -0.913864,0.0368 -1.182456,-0.006 -1.333067,-0.21113 -0.137301,-0.18722 -0.215999,-1.22249 -0.289279,-3.80547 -0.07854,-2.76846 -0.154316,-3.70648 -0.344777,-4.26816 -0.134261,-0.39594 -0.318638,-1.11582 -0.409727,-1.59974 l -0.165617,-0.87986 h -0.77169 -0.771688 l -0.07068,5.19917 c -0.03887,2.85954 -0.122142,5.28916 -0.185041,5.39914 -0.07667,0.13406 -0.509125,0.19997 -1.312011,0.19997 -0.834147,0 -1.214569,-0.0607 -1.253397,-0.19997 z m 21.203907,0 c -0.181863,-0.65234 -0.259158,-1.65289 -0.342944,-4.43929 -0.08063,-2.68159 -0.136282,-3.23179 -0.396411,-3.91938 -0.39777,-1.05141 -0.494312,-1.74361 -0.28454,-2.04014 0.179227,-0.25335 1.388409,-0.75942 1.814537,-0.75942 0.149241,0 0.405458,0.29716 0.629866,0.73051 l 0.378287,0.7305 0.440488,-0.47263 c 0.727765,-0.78087 1.334561,-1.05397 2.358582,-1.06152 1.186611,-0.009 1.915207,0.4814 2.411581,1.62234 0.317202,0.7291 0.337369,0.95925 0.375903,4.28988 0.0224,1.93569 -0.0097,3.95137 -0.07127,4.47928 l -0.111994,0.95985 h -1.191722 -1.191722 l -0.18321,-0.79987 c -0.114071,-0.49802 -0.184239,-1.81505 -0.185936,-3.48996 -0.0016,-1.54206 -0.06518,-2.82215 -0.14906,-2.99953 -0.208021,-0.43987 -0.624234,-0.38337 -1.159011,0.15734 l -0.461648,0.46678 -0.08628,3.19177 c -0.04745,1.75547 -0.130722,3.27315 -0.185042,3.37261 -0.142325,0.26062 -2.335318,0.2432 -2.40845,-0.0191 z m 70.25782,0.007 c -0.18512,-0.65953 -0.26155,-1.65856 -0.34624,-4.52579 -0.0712,-2.40994 -0.15057,-3.34168 -0.32172,-3.7757 -0.34056,-0.86364 -0.45941,-1.87028 -0.2539,-2.15051 0.21545,-0.29379 1.5736,-0.75371 1.85931,-0.62963 0.11613,0.0504 0.3543,0.37994 0.52926,0.73225 l 0.31813,0.64056 0.67014,-0.70938 c 0.47763,-0.50561 0.83847,-0.74157 1.25611,-0.82142 0.73192,-0.13994 1.40491,0.0183 1.56448,0.36784 0.1407,0.30823 -0.0151,1.81303 -0.31178,3.01229 -0.26884,1.08651 -0.30901,1.14457 -0.72901,1.05371 -0.19683,-0.0426 -0.55121,0.0132 -0.78751,0.12398 -0.69787,0.32713 -0.83886,0.84757 -0.85277,3.14791 -0.007,1.12619 -0.0545,2.40756 -0.10602,2.84749 l -0.0936,0.79987 -1.16845,0.0465 c -0.85926,0.0342 -1.18378,-0.008 -1.2264,-0.15998 z m 25.01841,-0.007 c -0.18187,-0.65234 -0.25916,-1.65289 -0.34295,-4.43929 -0.0806,-2.68159 -0.13628,-3.23179 -0.39641,-3.91938 -0.39777,-1.05141 -0.49431,-1.74361 -0.28454,-2.04014 0.17923,-0.25335 1.38841,-0.75942 1.81454,-0.75942 0.14924,0 0.40546,0.29716 0.62986,0.73051 l 0.37829,0.7305 0.44049,-0.47263 c 0.72776,-0.78087 1.33456,-1.05397 2.35858,-1.06152 1.18661,-0.009 1.91521,0.4814 2.41158,1.62234 0.3172,0.7291 0.33737,0.95925 0.37591,4.28988 0.0224,1.93569 -0.01,3.95137 -0.0713,4.47928 l -0.11199,0.95985 h -1.19173 -1.19172 l -0.18321,-0.79987 c -0.11407,-0.49802 -0.18424,-1.81505 -0.18593,-3.48996 -0.002,-1.54206 -0.0652,-2.82215 -0.14906,-2.99953 -0.20802,-0.43987 -0.62424,-0.38337 -1.15902,0.15734 l -0.46164,0.46678 -0.0863,3.19177 c -0.0475,1.75547 -0.13072,3.27315 -0.18504,3.37261 -0.14233,0.26062 -2.33532,0.2432 -2.40845,-0.0191 z m 13.85322,0 c -0.10323,-0.37028 -0.23962,-1.31423 -0.30626,-2.11966 -0.0644,-0.77825 -0.0352,-0.85347 1.07852,-2.78252 0.62959,-1.09045 1.1116,-2.0803 1.07113,-2.19965 -0.0468,-0.13793 -0.30396,-0.21701 -0.7058,-0.21701 -0.34771,0 -0.67616,-0.0805 -0.72988,-0.17884 -0.32425,-0.59374 -0.66436,-3.17526 -0.4558,-3.45965 0.10956,-0.1494 0.89932,-0.2009 3.08126,-0.2009 2.56632,0 2.95823,0.0334 3.12793,0.26659 0.13786,0.18943 0.18506,0.67364 0.16309,1.67295 l -0.0309,1.40635 -1.06462,1.92528 c -0.58554,1.0589 -1.06462,2.0338 -1.06462,2.16644 0,0.19171 0.20088,0.24117 0.97942,0.24117 1.39354,0 1.48414,0.13293 1.35583,1.98917 -0.0551,0.79738 -0.12977,1.50388 -0.16588,1.57001 -0.0361,0.0661 -1.46336,0.12024 -3.17166,0.12024 -2.36083,0 -3.11938,-0.048 -3.16175,-0.19997 z m 16.39989,0.007 c -0.18389,-0.65516 -0.26105,-1.64899 -0.34515,-4.4458 -0.0807,-2.68372 -0.13614,-3.23125 -0.39684,-3.91938 -0.67124,-1.77171 -0.57815,-2.1343 0.65651,-2.55735 l 0.85833,-0.29411 0.34915,0.3712 c 0.19203,0.20417 0.38634,0.5038 0.43179,0.66585 0.11521,0.41082 0.23236,0.37405 0.82555,-0.25907 0.73084,-0.78004 1.75399,-1.07286 2.55077,-0.73004 0.31891,0.13722 0.36283,0.24806 0.36451,0.91986 0.001,0.42011 -0.1358,1.35774 -0.30413,2.08363 l -0.30603,1.31979 h -0.48037 c -0.64051,0 -1.29538,0.40223 -1.46192,0.89793 -0.0744,0.22148 -0.14086,1.31586 -0.14767,2.43195 -0.007,1.1161 -0.0545,2.38921 -0.10602,2.82914 l -0.0936,0.79987 -1.16845,0.0465 c -0.85926,0.0342 -1.18378,-0.008 -1.2264,-0.15998 z m 10.17785,-2.4e-4 c -0.0318,-0.11343 -0.0969,-0.5383 -0.1448,-0.94415 -0.0797,-0.6763 0.0918,-1.27081 2.05407,-7.11887 1.17757,-3.50953 2.21385,-6.43384 2.30284,-6.49849 0.089,-0.0646 0.65332,-0.11863 1.25407,-0.11998 0.98024,-0.002 1.11287,0.0345 1.29304,0.3575 0.11042,0.19797 1.10128,3.14687 2.2019,6.55313 1.7768,5.49894 1.99632,6.28799 1.95822,7.03888 l -0.0429,0.84569 -1.22904,0.0461 c -1.40662,0.0528 -1.29642,0.15263 -1.8162,-1.64583 -0.178,-0.61591 -0.38448,-1.20981 -0.45884,-1.31979 -0.20685,-0.30594 -3.68321,-0.27921 -3.91001,0.0301 -0.0928,0.12652 -0.33957,0.82841 -0.54841,1.55976 l -0.37971,1.32971 -1.2382,0.0463 c -0.91534,0.0342 -1.25329,-0.008 -1.29603,-0.15997 z m 6.18893,-6.96516 c 0.12394,-0.22978 -0.55075,-2.35963 -0.74749,-2.35963 -0.20808,0 -0.90305,2.10313 -0.77341,2.34052 0.0928,0.1699 1.4305,0.1867 1.5209,0.0191 z"
         id="path7" /><path
         style="fill:#727485"
         d="m 112.74618,137.06256 c -0.92797,-0.23831 -1.43034,-0.59326 -1.43034,-1.0106 0,-0.48245 0.58227,-2.43206 0.72636,-2.43206 0.27553,0 1.74608,0.51391 1.88172,0.65761 0.30019,0.318 1.08365,0.14832 1.50221,-0.32536 0.46956,-0.5314 0.52995,-1.10173 0.18053,-1.70523 l -0.23267,-0.40186 -0.3681,0.39732 c -0.49998,0.53965 -1.01979,0.73762 -1.9368,0.73762 -1.96984,0 -2.86807,-1.19216 -3.09318,-4.10538 -0.26832,-3.47236 1.56601,-5.96861 4.38853,-5.97213 0.76867,-9.6e-4 2.1069,0.23349 2.85315,0.49984 l 0.45942,0.16398 0.004,2.90713 c 0.003,2.29861 0.0613,3.19176 0.27909,4.26691 0.50783,2.50684 0.28109,4.52665 -0.6031,5.37245 -1.08533,1.0382 -2.85028,1.40178 -4.61045,0.94976 z m 1.4959,-6.84212 c 0.48617,-0.60407 0.6282,-1.05972 0.70949,-2.27617 0.0619,-0.92568 0.0302,-1.24445 -0.15323,-1.54076 -0.12718,-0.20549 -0.23124,-0.53756 -0.23124,-0.73795 0,-0.43963 -0.47451,-0.4986 -0.95397,-0.11855 -0.50579,0.40092 -0.92302,2.17377 -0.80809,3.43362 0.0522,0.57191 0.15416,1.16582 0.22664,1.31979 0.18805,0.3995 0.86024,0.35508 1.2104,-0.08 z m -65.186299,6.76082 c -0.852167,-0.18567 -1.068949,-0.60743 -1.068949,-2.0797 0,-0.90927 -0.05687,-1.2959 -0.212039,-1.44164 -0.116621,-0.10953 -0.212039,-0.36604 -0.212039,-0.57001 0,-0.35356 -0.01814,-0.36016 -0.388738,-0.14137 -0.839099,0.49535 -2.506188,0.18615 -3.247892,-0.6024 -0.808762,-0.85985 -1.255823,-3.94859 -0.819927,-5.66487 0.503018,-1.98056 1.624821,-3.23418 3.236438,-3.61674 0.881935,-0.20934 3.207327,0.0307 3.891477,0.40172 l 0.367869,0.19949 0.03931,6.47686 c 0.02162,3.56227 0.0045,6.63882 -0.03803,6.83679 -0.08431,0.39236 -0.452625,0.4404 -1.547478,0.20187 z m -1.818051,-6.76082 c 0.494789,-0.61477 0.634346,-1.07766 0.712136,-2.36205 0.05996,-0.99008 0.02838,-1.31715 -0.155959,-1.61499 -0.127134,-0.20541 -0.231153,-0.53743 -0.231153,-0.73782 0,-0.27248 -0.08116,-0.36434 -0.321945,-0.36434 -0.893081,0 -1.453773,1.35642 -1.426899,3.45195 0.0091,0.71076 0.09051,1.44864 0.180885,1.63974 0.220358,0.46596 0.863056,0.4595 1.242935,-0.0125 z m 135.11717,6.55895 c -0.0386,-0.19797 -0.0904,-2.62758 -0.1153,-5.39914 -0.0424,-4.7298 -0.0641,-5.09322 -0.35241,-5.91906 -0.16897,-0.48392 -0.32503,-1.13074 -0.34682,-1.43737 -0.0391,-0.55005 -0.0284,-0.56157 0.79936,-0.86038 0.98447,-0.35539 1.15614,-0.28128 1.564,0.67523 0.15541,0.36447 0.3537,0.66267 0.44063,0.66267 0.0869,0 0.31988,-0.2767 0.51764,-0.61489 0.68492,-1.17128 1.90225,-1.45354 3.17449,-0.73607 0.81482,0.45951 1.44983,1.41842 1.74217,2.63076 0.24574,1.01909 0.19995,3.20877 -0.0876,4.18845 -0.49304,1.6799 -2.15162,3.01003 -3.7536,3.01028 l -0.7936,1.3e-4 -0.0899,0.74221 c -0.0494,0.40822 -0.0899,1.08742 -0.0899,1.50934 0,1.32491 -0.13586,1.52605 -1.16814,1.72949 -1.24278,0.24492 -1.36087,0.23003 -1.44104,-0.18165 z m 4.19724,-6.66581 c 0.44271,-0.44765 0.46368,-0.52275 0.51116,-1.83038 0.0438,-1.20753 0.007,-1.46533 -0.3222,-2.25276 -0.20444,-0.48906 -0.45541,-0.8892 -0.5577,-0.8892 -0.62647,0 -1.21932,1.85186 -1.21932,3.80873 0,0.77941 0.0424,1.4651 0.0942,1.52376 0.24743,0.28001 1.05273,0.0859 1.49382,-0.36015 z m 5.34352,6.71632 c -0.092,-0.19446 -0.14633,-2.17639 -0.14633,-5.3341 0,-4.47124 -0.0288,-5.11994 -0.2616,-5.88958 -0.14388,-0.4757 -0.30615,-1.13701 -0.3606,-1.46958 -0.0957,-0.58446 -0.0813,-0.61303 0.43032,-0.85495 0.29112,-0.13765 0.73539,-0.28813 0.98728,-0.33438 0.43043,-0.079 0.48191,-0.035 0.85614,0.73266 0.21899,0.44922 0.46178,0.81507 0.53953,0.813 0.0777,-0.002 0.30758,-0.27611 0.51075,-0.60898 1.31156,-2.14885 4.12229,-1.08184 4.87565,1.85091 0.32539,1.26667 0.21926,3.51419 -0.21942,4.64667 -0.58049,1.49858 -2.08136,2.59396 -3.55819,2.59686 l -0.79432,0.002 -0.10951,0.5999 c -0.0602,0.32995 -0.14806,1.17317 -0.19519,1.87382 l -0.0857,1.27391 -0.84816,0.19887 c -1.17744,0.27609 -1.45216,0.25971 -1.62066,-0.0966 z m 4.07793,-6.51039 c 0.77498,-0.6143 0.97607,-2.68101 0.40611,-4.17387 -0.1754,-0.45942 -0.40762,-0.87509 -0.51605,-0.92371 -0.73435,-0.3293 -1.67392,2.94793 -1.37028,4.77957 0.0899,0.54239 0.12921,0.57888 0.62354,0.57888 0.29016,0 0.67567,-0.11739 0.85668,-0.26087 z M 13.0084,132.62445 c -0.186517,-0.30135 -0.220055,-1.04199 -0.220055,-4.85963 0,-3.80848 -0.03275,-4.53485 -0.212039,-4.70325 -0.116621,-0.10953 -0.212039,-0.3703 -0.212039,-0.5795 0,-0.36413 -0.04203,-0.38034 -0.986257,-0.38034 -0.88609,0 -1.008919,-0.0391 -1.209388,-0.38539 -0.151078,-0.26094 -0.2091897,-0.66129 -0.1799579,-1.2398 l 0.043173,-0.85442 h 4.240782 4.240781 l -0.01334,0.99345 c -0.0184,1.36964 -0.135078,1.48616 -1.488238,1.48616 -1.086385,0 -1.113566,0.01 -1.113566,0.39049 0,0.21477 -0.06361,0.43499 -0.14136,0.48937 -0.08898,0.0622 -0.141359,1.81821 -0.141359,4.7392 0,2.89278 -0.05511,4.75688 -0.146333,4.94977 -0.124459,0.26318 -0.302872,0.30944 -1.193539,0.30944 -0.921906,0 -1.073536,-0.0425 -1.267261,-0.35555 z m 5.607452,0.15558 c -0.08165,-0.11322 -0.170199,-1.51855 -0.204126,-3.23949 -0.05213,-2.6444 -0.101835,-3.17468 -0.382358,-4.07935 -0.177341,-0.57191 -0.331817,-1.36378 -0.343281,-1.75972 l -0.02084,-0.71988 h 0.910768 c 0.947304,0 1.306565,0.21745 1.500251,0.90806 0.119767,0.42704 0.384001,0.35931 0.948444,-0.24313 0.613856,-0.65518 1.552288,-0.98636 2.232993,-0.78804 0.395995,0.11537 0.494867,0.22823 0.53389,0.60938 0.04625,0.45176 -0.116002,1.29204 -0.421126,2.18092 -0.129154,0.37626 -0.20429,0.417 -0.626165,0.33952 -1.175404,-0.21586 -1.61575,0.88797 -1.61575,4.05025 0,1.16641 -0.06204,2.3054 -0.137861,2.5311 -0.130847,0.38947 -0.191089,0.41035 -1.184246,0.41035 -0.665959,0 -1.098812,-0.0727 -1.19059,-0.19997 z m 7.191038,-0.11833 c -0.714696,-0.37662 -0.900794,-0.60347 -1.313739,-1.6014 -0.249956,-0.60404 -0.300102,-1.04166 -0.311633,-2.71957 -0.01295,-1.88422 0.0092,-2.05255 0.383612,-2.91541 0.702299,-1.61851 2.223707,-2.6837 3.833115,-2.6837 0.896891,0 3.060131,0.43728 3.261578,0.6593 0.08082,0.0891 0.17337,1.64271 0.216102,3.62763 0.06256,2.90579 0.119613,3.6081 0.349952,4.30761 0.328546,0.99774 0.284087,1.07341 -0.844011,1.43659 l -0.822211,0.2647 -0.479382,-0.59198 -0.479383,-0.59198 -0.572689,0.52083 c -0.508811,0.46273 -0.685681,0.52611 -1.585682,0.56816 -0.788237,0.0368 -1.151139,-0.0255 -1.635629,-0.28078 z m 2.65404,-2.49125 c 0.369287,-0.5313 0.539238,-1.18534 0.642605,-2.47301 0.0613,-0.76363 0.03049,-1.12927 -0.114978,-1.3643 -0.109297,-0.17659 -0.220898,-0.49902 -0.248002,-0.71649 -0.04238,-0.34004 -0.117669,-0.39162 -0.537634,-0.36827 -0.583675,0.0324 -0.789292,0.31034 -1.087124,1.46924 -0.264575,1.02949 -0.220441,3.19784 0.07324,3.5983 0.297431,0.40557 0.939957,0.33209 1.271893,-0.14547 z m 5.796011,2.5457 c -0.142506,-0.19381 -0.215534,-1.07501 -0.275097,-3.31947 -0.07357,-2.77243 -0.116745,-3.17304 -0.465798,-4.32249 -0.44536,-1.46659 -0.431278,-1.50386 0.728705,-1.92856 0.844266,-0.30911 0.958207,-0.25688 1.381886,0.63344 0.147169,0.30927 0.307828,0.5623 0.35702,0.5623 0.04919,0 0.323777,-0.25011 0.610187,-0.5558 0.5015,-0.53526 1.612416,-1.04395 2.279871,-1.04395 0.943752,0 1.785308,0.66102 2.240329,1.75972 0.269585,0.65095 0.302701,1.05942 0.345805,4.26529 0.03232,2.40407 -0.0032,3.65292 -0.110272,3.87939 -0.138397,0.29265 -0.28791,0.33398 -1.208191,0.33398 -0.893674,0 -1.072064,-0.0461 -1.196581,-0.30944 -0.08439,-0.17845 -0.146333,-1.45944 -0.146333,-3.02637 0,-2.59402 -0.01632,-2.75372 -0.360837,-3.52996 -0.407541,-0.91824 -0.620789,-0.99822 -1.042794,-0.39107 -0.534717,0.7693 -0.71676,1.87077 -0.71676,4.33686 0,1.28029 -0.06492,2.43838 -0.146332,2.61054 -0.122788,0.25965 -0.301967,0.30944 -1.113567,0.30944 -0.726023,0 -1.015615,-0.0658 -1.161241,-0.26385 z m 19.4111,-0.0602 c -0.861865,-0.59466 -0.934736,-1.02817 -0.940511,-5.59501 l -0.0052,-4.07935 1.108935,-0.047 c 0.695921,-0.0295 1.182918,0.0225 1.307575,0.13957 0.159041,0.14937 0.198638,0.85445 0.198638,3.53696 0,2.00358 0.05882,3.47478 0.146333,3.65983 0.298824,0.63188 1.197421,0.25196 1.655955,-0.70012 0.200209,-0.41571 0.258968,-1.07316 0.317251,-3.54973 l 0.07153,-3.03951 1.108936,-0.047 c 0.660106,-0.028 1.184685,0.0242 1.296093,0.12879 0.142256,0.13361 0.199706,1.04682 0.239461,3.80639 0.047,3.26241 0.08281,3.71297 0.353107,4.44261 0.165442,0.44659 0.257358,0.89154 0.204258,0.98877 -0.0531,0.0972 -0.502048,0.30437 -0.997662,0.46031 l -0.901117,0.28353 -0.466793,-0.62922 -0.466794,-0.62923 -0.437398,0.36597 c -1.036399,0.86715 -2.905846,1.1153 -3.792641,0.50344 z m 9.585605,0.0438 c -0.732215,-0.41395 -0.823408,-1.0298 -0.83678,-5.65096 -0.01131,-3.9105 -0.0096,-3.93334 0.315793,-4.27932 0.457247,-0.48613 1.633353,-0.4928 2.018692,-0.0114 0.245025,0.30607 0.273155,0.66022 0.312219,3.93069 l 0.04293,3.59431 0.417339,0.16465 c 0.280823,0.11078 0.442965,0.30332 0.49568,0.58858 0.04309,0.23317 0.102036,0.55717 0.130994,0.72001 0.09048,0.50876 -0.215687,1.02478 -0.668895,1.12736 -0.781421,0.17686 -1.728087,0.0987 -2.227973,-0.18387 z m 4.979395,-0.0404 c -0.254618,-0.17569 -0.539335,-0.51736 -0.632705,-0.75928 -0.220677,-0.57178 -0.336552,-12.48089 -0.123781,-12.72168 0.232535,-0.26316 2.180997,-0.59051 2.385642,-0.40081 0.135369,0.12549 0.1767,1.50229 0.1767,5.88618 0,6.33323 -0.06583,5.91659 0.934834,5.91659 0.564124,0 0.674159,0.20545 0.684126,1.27734 0.0063,0.679 -0.01989,0.72791 -0.488085,0.91087 -0.82276,0.32153 -2.397325,0.26297 -2.936731,-0.10921 z m 5.676123,0.10032 c -0.837112,-0.43039 -0.90172,-0.97762 -0.90172,-7.63751 0,-4.40971 0.04254,-5.91088 0.170051,-6.00006 0.09353,-0.0654 0.618324,-0.20833 1.166214,-0.3176 0.883468,-0.17618 1.016155,-0.16938 1.172864,0.0601 0.133702,0.19578 0.176699,1.63248 0.176699,5.90421 v 5.64548 l 0.355667,0.10102 c 0.195616,0.0556 0.47953,0.0644 0.63092,0.0196 0.354945,-0.10504 0.513877,0.13073 0.631154,0.93631 0.07463,0.51262 0.03721,0.73128 -0.17616,1.02949 -0.241617,0.33767 -0.406823,0.38441 -1.527704,0.43223 -0.872091,0.0372 -1.391839,-0.0158 -1.697985,-0.17322 z m 6.14431,-0.0173 c -0.865652,-0.36031 -1.227296,-0.71712 -1.599227,-1.57784 -0.400783,-0.92749 -0.695014,-3.03319 -0.562223,-4.02362 0.273781,-2.04205 1.037474,-3.4077 2.286527,-4.08884 1.028327,-0.56077 2.53163,-0.53667 3.601217,0.0577 1.461537,0.81222 2.213494,2.75508 2.042492,5.27725 -0.04647,0.68539 -0.164038,1.54925 -0.261267,1.9197 -0.24072,0.91716 -1.268891,2.06349 -2.15845,2.40651 -0.833194,0.32128 -2.610002,0.33672 -3.349069,0.0291 z m 2.667786,-2.75249 c 0.161923,-0.27967 0.267268,-0.8342 0.300667,-1.58269 0.0441,-0.98823 -0.0039,-1.2916 -0.337069,-2.13184 -0.406413,-1.02486 -0.846636,-1.36852 -1.258062,-0.98211 -0.5958,0.55959 -0.881832,3.66399 -0.428917,4.65516 0.189822,0.41542 0.291081,0.47198 0.844898,0.47198 0.527104,0 0.669682,-0.0699 0.878483,-0.4305 z m 11.838483,2.6756 c -1.798835,-0.66612 -2.614166,-2.05911 -2.89194,-4.94086 -0.320171,-3.32159 0.479214,-6.05672 2.146771,-7.34526 1.34174,-1.03678 3.2337,-1.34259 4.849924,-0.78392 1.635142,0.5652 2.617292,1.66275 3.201642,3.57782 0.28255,0.92599 0.33056,1.38603 0.32224,3.08779 -0.0165,3.37192 -0.74236,5.01365 -2.698553,6.1035 -0.848218,0.47257 -1.05948,0.52041 -2.501688,0.56651 -1.272773,0.0407 -1.739048,-0.0103 -2.428396,-0.26558 z m 3.836493,-2.76751 c 0.639817,-0.79009 0.800047,-1.61264 0.738809,-3.79266 -0.04691,-1.66982 -0.09002,-1.92248 -0.456563,-2.67563 -0.57636,-1.18426 -0.941784,-1.52048 -1.747771,-1.60813 -0.58555,-0.0637 -0.745707,-0.014 -1.127527,0.34957 -0.651145,0.62006 -1.047252,1.93959 -1.131912,3.77069 -0.154908,3.3505 0.595944,4.72969 2.496577,4.58581 0.665882,-0.0504 0.825635,-0.13229 1.228387,-0.62965 z m 6.071684,2.72646 c -0.17842,-0.28828 -0.22005,-0.87522 -0.22005,-3.10265 0,-2.30591 -0.046,-2.91545 -0.28608,-3.79528 -0.15734,-0.57649 -0.30046,-1.31714 -0.31805,-1.64589 -0.032,-0.5976 -0.0318,-0.5978 0.80113,-0.8889 0.92909,-0.32471 1.02129,-0.28704 1.43738,0.58734 0.14717,0.30927 0.30924,0.5623 0.36016,0.5623 0.0509,0 0.34092,-0.28104 0.64444,-0.62452 0.99537,-1.12645 2.60522,-1.27505 2.71101,-0.25025 0.056,0.54221 -0.22573,2.14095 -0.4269,2.42286 -0.0816,0.11439 -0.32734,0.15286 -0.62596,0.098 -1.11376,-0.20454 -1.6113,1.12708 -1.6113,4.3125 0,1.13363 -0.0658,2.2004 -0.14634,2.37058 -0.12299,0.26009 -0.30207,0.30944 -1.12286,0.30944 -0.84886,0 -1.00529,-0.0465 -1.19658,-0.35555 z m 16.6152,0.0373 c -0.7147,-0.37662 -0.9008,-0.60347 -1.31374,-1.6014 -0.24996,-0.60404 -0.3001,-1.04166 -0.31164,-2.71957 -0.0129,-1.88422 0.009,-2.05255 0.38362,-2.91541 0.7023,-1.61851 2.2237,-2.6837 3.83311,-2.6837 0.89689,0 3.06013,0.43728 3.26158,0.6593 0.0808,0.0891 0.17337,1.64271 0.2161,3.62763 0.0626,2.90579 0.11961,3.6081 0.34995,4.30761 0.32855,0.99774 0.28409,1.07341 -0.84401,1.43659 l -0.82221,0.2647 -0.47938,-0.59198 -0.47938,-0.59198 -0.57269,0.52083 c -0.50881,0.46273 -0.68568,0.52611 -1.58569,0.56816 -0.78823,0.0368 -1.15113,-0.0255 -1.63562,-0.28078 z m 2.65404,-2.49125 c 0.36928,-0.5313 0.53923,-1.18534 0.6426,-2.47301 0.0613,-0.76363 0.0305,-1.12927 -0.11498,-1.3643 -0.10929,-0.17659 -0.22089,-0.49902 -0.248,-0.71649 -0.0424,-0.34004 -0.11767,-0.39162 -0.53763,-0.36827 -0.58368,0.0324 -0.78929,0.31034 -1.08713,1.46924 -0.26457,1.02949 -0.22044,3.19784 0.0732,3.5983 0.29743,0.40557 0.93996,0.33209 1.2719,-0.14547 z m 5.79601,2.5457 c -0.14251,-0.19381 -0.21554,-1.07501 -0.2751,-3.31947 -0.0736,-2.77243 -0.11674,-3.17304 -0.4658,-4.32249 -0.44536,-1.46659 -0.43128,-1.50386 0.72871,-1.92856 0.84426,-0.30911 0.9582,-0.25688 1.38188,0.63344 0.14717,0.30927 0.30783,0.5623 0.35702,0.5623 0.0492,0 0.32378,-0.25011 0.61019,-0.5558 0.5015,-0.53526 1.61242,-1.04395 2.27987,-1.04395 0.94375,0 1.78531,0.66102 2.24033,1.75972 0.26959,0.65095 0.3027,1.05942 0.34581,4.26529 0.0323,2.40407 -0.003,3.65292 -0.11028,3.87939 -0.13839,0.29265 -0.28791,0.33398 -1.20819,0.33398 -0.89367,0 -1.07206,-0.0461 -1.19658,-0.30944 -0.0844,-0.17845 -0.14633,-1.45944 -0.14633,-3.02637 0,-2.59402 -0.0163,-2.75372 -0.36084,-3.52996 -0.40754,-0.91824 -0.62079,-0.99822 -1.04279,-0.39107 -0.53472,0.7693 -0.71676,1.87077 -0.71676,4.33686 0,1.28029 -0.0649,2.43838 -0.14634,2.61054 -0.12278,0.25965 -0.30196,0.30944 -1.11356,0.30944 -0.72602,0 -1.01562,-0.0658 -1.16124,-0.26385 z m 9.96752,0.0427 c -0.7359,-0.37642 -0.81051,-0.84244 -0.87016,-5.43479 -0.0534,-4.10915 -0.0516,-4.13864 0.26433,-4.51928 0.26452,-0.31865 0.45583,-0.38313 1.1366,-0.38313 0.70079,0 0.84468,0.0518 1.00021,0.35994 0.1266,0.25081 0.20311,1.45126 0.25236,3.95937 0.0696,3.54688 0.0752,3.60015 0.37847,3.64902 0.42531,0.0685 0.56951,0.3134 0.67738,1.15022 0.14292,1.10878 -0.0834,1.34145 -1.35999,1.39795 -0.67151,0.0297 -1.19449,-0.0337 -1.4792,-0.1793 z m 3.85496,-0.0714 c -0.136,-0.17007 -0.23395,-0.56173 -0.23395,-0.93544 0,-0.6256 0.49885,-1.67977 1.87788,-3.96833 0.21113,-0.35037 0.38387,-0.85627 0.38387,-1.12422 0,-0.26795 0.099,-0.64717 0.22005,-0.84272 l 0.22006,-0.35555 h -0.97562 c -1.21612,0 -1.39766,-0.18828 -1.46538,-1.51976 l -0.0488,-0.95984 2.87979,-0.0434 c 2.11407,-0.0318 2.9353,0.009 3.08856,0.15271 0.15794,0.14834 0.19646,0.47176 0.15823,1.3285 -0.0497,1.11377 -0.071,1.16887 -1.29332,3.34526 -1.18652,2.11264 -1.23187,2.22649 -1.00174,2.51426 0.19422,0.24288 0.44173,0.30143 1.27435,0.30143 0.87693,0 1.05546,0.0468 1.17965,0.30943 0.18416,0.38942 0.18797,1.14554 0.008,1.67984 l -0.13786,0.41035 h -2.95014 c -2.67852,0 -2.97167,-0.0269 -3.18408,-0.29255 z m 9.17462,0.0538 c -1.30818,-0.52739 -1.84078,-1.4743 -2.09099,-3.71763 -0.13671,-1.22574 -0.12543,-1.59035 0.0781,-2.52377 0.28665,-1.31454 0.90815,-2.46323 1.62063,-2.99533 1.88845,-1.41034 4.31214,-1.11339 5.21989,0.63955 0.30856,0.59585 0.34796,0.83237 0.2997,1.79894 -0.0519,1.03922 -0.0917,1.15475 -0.60133,1.74539 -0.58076,0.67308 -1.40961,1.147 -2.55705,1.46208 -0.92702,0.25455 -1.02525,0.38231 -0.55947,0.72769 0.30099,0.22319 0.70743,0.29325 1.81744,0.31328 l 1.42976,0.0258 0.20558,0.90074 c 0.25111,1.10022 0.21278,1.15592 -1.07316,1.55946 -1.14503,0.35931 -2.97946,0.3902 -3.78911,0.0638 z m 1.81778,-6.01846 c 0.32037,-0.28519 0.37313,-0.44166 0.33712,-0.99984 -0.0356,-0.55178 -0.0968,-0.67043 -0.36852,-0.71402 -0.17921,-0.0287 -0.40983,0.0266 -0.51248,0.12302 -0.2378,0.22335 -0.56533,1.52832 -0.44082,1.75633 0.14915,0.27309 0.57181,0.20206 0.9847,-0.16549 z m 5.43603,5.99331 c -0.14251,-0.19381 -0.21554,-1.07501 -0.2751,-3.31947 -0.0736,-2.77243 -0.11675,-3.17304 -0.4658,-4.32249 -0.44124,-1.45304 -0.42501,-1.49998 0.65863,-1.90468 0.81244,-0.30342 0.99349,-0.24209 1.3812,0.46785 0.33517,0.61374 0.59467,0.68529 0.87029,0.23996 0.46657,-0.75383 1.85085,-1.29132 2.55048,-0.99029 0.34177,0.14705 0.38593,0.24696 0.37593,0.85048 -0.006,0.37611 -0.11755,1.04379 -0.24738,1.48372 l -0.23604,0.79987 -0.59664,-0.0533 c -1.17815,-0.10523 -1.59443,1.04232 -1.59443,4.39533 0,1.0989 -0.0658,2.13724 -0.14634,2.30742 -0.12278,0.25965 -0.30196,0.30944 -1.11356,0.30944 -0.72603,0 -1.01562,-0.0658 -1.16124,-0.26385 z m 10.22417,0.0719 c -0.0933,-0.10559 -0.16963,-0.26276 -0.16963,-0.34929 0,-0.17226 4.05443,-12.32325 4.26319,-12.77663 0.1052,-0.22847 0.32234,-0.27995 1.18086,-0.27995 0.93542,0 1.07488,0.0399 1.25877,0.35994 0.37118,0.64607 4.21805,12.74043 4.13256,12.99256 -0.0658,0.19411 -0.33666,0.24534 -1.29713,0.24534 h -1.21394 l -0.2805,-0.75988 c -0.15427,-0.41794 -0.44275,-1.13998 -0.64106,-1.60455 l -0.36056,-0.84468 -1.71122,0.0448 -1.71122,0.0448 -0.43162,1.35979 c -0.23739,0.74788 -0.48308,1.44977 -0.54598,1.55975 -0.15247,0.26661 -2.23804,0.27335 -2.47252,0.008 z m 6.25972,-5.7225 c 0.115,-0.21059 -0.61638,-2.82877 -0.85204,-3.05011 -0.23592,-0.22158 -0.49358,0.30414 -0.84287,1.71976 -0.33468,1.35639 -0.26801,1.48573 0.7658,1.48573 0.46434,0 0.88244,-0.0699 0.92911,-0.15538 z M 63.025634,121.83172 c -0.549406,-0.12223 -0.934342,-1.7511 -0.618045,-2.61527 0.188823,-0.51589 0.772195,-0.95411 1.270135,-0.95411 0.446718,0 1.050236,0.4057 1.229075,0.82621 0.281942,0.66295 0.303088,0.87258 0.163004,1.61588 -0.113475,0.60211 -0.220616,0.77506 -0.609541,0.98392 -0.457559,0.24572 -0.814364,0.28138 -1.434628,0.14337 z m 76.138006,-0.0956 c -0.26725,-0.1519 -0.39967,-0.42055 -0.54321,-1.10201 -0.16753,-0.79534 -0.16258,-0.9661 0.0421,-1.45435 0.5061,-1.20697 1.98976,-1.18535 2.54837,0.0371 0.25342,0.55458 0.26405,0.83644 0.0625,1.65775 -0.11586,0.47216 -0.26054,0.66479 -0.63079,0.83987 -0.58918,0.27859 -1.01595,0.28482 -1.47905,0.0216 z"
         id="path6" /><path
         style="fill:#282d4a"
         d="m 112.80011,136.71587 c -1.33956,-0.3214 -1.44006,-0.45108 -1.20585,-1.55595 0.2757,-1.30061 0.2425,-1.27949 1.4276,-0.90783 1.50567,0.47218 1.90031,0.43775 2.47822,-0.21626 0.26434,-0.29915 0.48062,-0.69155 0.48062,-0.87199 0,-0.56903 -0.30095,-1.94356 -0.42553,-1.94356 -0.0657,0 -0.23971,0.17309 -0.38676,0.38466 -1.24607,1.79273 -4.17459,1.1886 -4.8184,-0.99399 -0.28412,-0.96318 -0.35007,-3.23151 -0.11843,-4.07292 0.5664,-2.05735 1.87634,-3.29743 3.63348,-3.43971 0.99111,-0.0803 2.95996,0.18769 3.42321,0.46586 0.22098,0.1327 0.24738,0.44331 0.24738,2.91059 0,2.16287 0.0607,3.0726 0.27966,4.1937 0.15381,0.78742 0.28104,1.90234 0.28272,2.4776 0.005,1.87722 -0.84273,3.1113 -2.46509,3.58651 -1.01613,0.29764 -1.53541,0.29457 -2.83283,-0.0167 z m 1.56267,-6.39999 c 0.65872,-0.80437 0.905,-2.44751 0.64018,-4.2712 -0.12184,-0.83908 -0.30194,-1.05716 -0.87621,-1.06096 -0.5433,-0.004 -1.08474,0.56063 -1.27238,1.32592 -0.25141,1.0254 -0.20347,3.55137 0.0766,4.03508 0.31689,0.54733 0.97076,0.53416 1.43182,-0.0288 z m -65.351106,6.31232 c -0.866795,-0.1789 -0.827991,-0.0726 -0.95214,-2.60798 -0.04738,-0.96763 -0.138242,-1.81828 -0.201912,-1.89034 -0.06367,-0.0721 -0.330994,0.0175 -0.594054,0.19898 -0.907379,0.62603 -2.559214,0.30413 -3.334071,-0.64973 -0.509723,-0.62748 -0.736264,-1.46087 -0.827173,-3.04297 -0.139618,-2.42979 0.505569,-4.06522 2.010364,-5.09588 0.814139,-0.55763 0.818812,-0.55865 2.445698,-0.53642 0.946718,0.0129 1.896656,0.11646 2.266118,0.24696 l 0.636118,0.2247 0.03689,6.67193 0.03689,6.67194 -0.390289,-0.019 c -0.214659,-0.0104 -0.724257,-0.0879 -1.13244,-0.17218 z m -1.619027,-6.43515 c 0.653343,-0.8421 0.877682,-2.43713 0.605968,-4.30835 -0.121841,-0.83907 -0.301944,-1.05715 -0.876215,-1.06096 -0.542969,-0.004 -1.084678,0.56067 -1.272913,1.32592 -0.250075,1.01666 -0.198565,3.71889 0.08006,4.20013 0.339738,0.58679 0.935779,0.52293 1.463097,-0.15674 z m 134.991903,1.38717 c -0.0578,-5.18307 -0.0625,-5.25281 -0.43921,-6.51345 -0.20941,-0.70086 -0.35389,-1.35349 -0.32107,-1.4503 0.0328,-0.0968 0.42398,-0.27491 0.86922,-0.39579 0.90677,-0.24618 1.00542,-0.18254 1.42738,0.92072 0.2616,0.684 0.53533,0.65637 0.97682,-0.0986 0.51875,-0.8871 1.10951,-1.20229 2.08234,-1.11099 1.40464,0.13182 2.35317,1.28902 2.72912,3.32949 0.63837,3.46487 -0.96133,6.13849 -3.82404,6.39121 l -0.99171,0.0876 -0.0707,1.78711 c -0.0389,0.98292 -0.10249,1.8198 -0.14136,1.85974 -0.0715,0.0735 -1.80215,0.4325 -2.08493,0.4325 -0.106,0 -0.17148,-1.61919 -0.21188,-5.23917 z m 4.06187,-1.18668 c 0.54451,-0.48471 0.77941,-1.22701 0.77941,-2.46298 0,-2.8774 -1.11482,-4.04793 -2.00392,-2.10408 -0.2505,0.54768 -0.32033,1.02804 -0.37128,2.5541 -0.0452,1.35538 -0.0136,1.94651 0.11334,2.11966 0.25702,0.35048 1.03149,0.29474 1.48245,-0.1067 z m 5.54732,6.32917 c -0.0567,-0.0641 -0.10306,-2.39026 -0.10307,-5.16915 -2e-5,-4.93112 -0.008,-5.08329 -0.35128,-6.33233 -0.19319,-0.70389 -0.35221,-1.37156 -0.35338,-1.48372 -0.002,-0.23394 0.4854,-0.4725 1.2487,-0.61063 0.51601,-0.0934 0.53591,-0.0778 0.91936,0.7195 0.21556,0.44822 0.47819,0.81494 0.58362,0.81494 0.10543,0 0.32731,-0.24833 0.49306,-0.55185 1.03075,-1.8874 3.3389,-1.52687 4.43401,0.6926 0.37655,0.76317 0.43203,1.04872 0.48991,2.52145 0.0634,1.61247 0.0522,1.69085 -0.38379,2.6931 -0.72282,1.66161 -1.80437,2.48106 -3.47553,2.63328 l -0.98951,0.0901 -0.14136,1.82863 c -0.13883,1.79591 -0.14817,1.83068 -0.5221,1.94343 -0.69447,0.2094 -1.74405,0.32897 -1.84864,0.21061 z m 4.12275,-6.39258 c 0.23693,-0.22562 0.4959,-0.67554 0.57549,-0.99984 0.43669,-1.77932 -0.16502,-4.509 -0.99393,-4.509 -0.35399,0 -0.94521,0.85869 -1.13214,1.64432 -0.18212,0.76539 -0.25233,3.57456 -0.0999,3.99479 0.16273,0.44848 1.12218,0.37276 1.65043,-0.13027 z m -183.011135,2.13623 c -0.09701,-0.1326 -0.170691,-1.97721 -0.206321,-5.16546 -0.03048,-2.72757 -0.106468,-5.08519 -0.168859,-5.23917 -0.0937,-0.23124 -0.302675,-0.27995 -1.200916,-0.27995 -0.657338,0 -1.154575,-0.0759 -1.257111,-0.19197 -0.0933,-0.10559 -0.169631,-0.57351 -0.169631,-1.03984 v -0.84786 h 4.189878 4.189879 l -0.08252,0.90486 c -0.04539,0.49768 -0.165608,0.9645 -0.267156,1.03739 -0.101548,0.0729 -0.709429,0.13362 -1.350847,0.13497 -0.641418,0.001 -1.179965,0.0204 -1.19677,0.0424 -0.0168,0.022 -0.06451,2.45161 -0.106019,5.39914 l -0.07546,5.35915 -1.073619,0.0463 c -0.746806,0.0322 -1.119554,-0.0165 -1.22452,-0.15998 z m 5.552065,-0.006 c -0.03253,-0.10998 -0.08101,-1.45977 -0.107733,-2.99952 -0.0439,-2.52989 -0.08802,-2.94997 -0.457956,-4.361 -0.25327,-0.96603 -0.358731,-1.61615 -0.276569,-1.70491 0.07304,-0.0789 0.481115,-0.16814 0.906832,-0.19828 0.758579,-0.0537 0.780921,-0.0428 1.119218,0.5451 0.189854,0.32994 0.439426,0.5999 0.554604,0.5999 0.115178,0 0.4234,-0.24935 0.684938,-0.55411 0.558826,-0.65118 1.371075,-0.97045 2.08387,-0.81912 0.597278,0.1268 0.627273,0.31285 0.277727,1.72268 l -0.230667,0.93035 h -0.586036 c -0.32232,0 -0.734133,0.11739 -0.91514,0.26087 -0.597809,0.47386 -0.723318,1.13327 -0.723318,3.80026 0,1.35941 -0.03861,2.58553 -0.0858,2.7247 -0.06758,0.19931 -0.3087,0.25305 -1.135312,0.25305 -0.713821,0 -1.068426,-0.064 -1.108654,-0.19997 z m 7.439227,0.0288 c -0.63261,-0.28674 -1.158948,-0.8181 -1.468034,-1.48204 -0.272394,-0.58513 -0.310803,-0.92012 -0.314859,-2.74609 -0.0045,-2.03396 0.005,-2.09901 0.433423,-2.95953 0.487815,-0.97984 1.48776,-1.93909 2.313042,-2.21891 0.293141,-0.0994 0.91758,-0.18071 1.387644,-0.18071 1.086878,0 3.016578,0.41325 3.16496,0.67778 0.06234,0.11114 0.116402,1.60586 0.12013,3.32158 0.0058,2.66147 0.04694,3.2487 0.280269,3.99937 0.150419,0.48392 0.275566,0.95845 0.278104,1.0545 0.0058,0.22117 -1.606861,0.78344 -1.819832,0.63448 -0.08724,-0.061 -0.286232,-0.39401 -0.442197,-0.73999 -0.155964,-0.34597 -0.333928,-0.62904 -0.395474,-0.62904 -0.06155,0 -0.257317,0.22258 -0.435045,0.49463 -0.177729,0.27204 -0.537513,0.59599 -0.799521,0.71988 -0.535573,0.25325 -1.797819,0.2829 -2.30261,0.0541 z m 2.436986,-2.23572 c 0.199236,-0.26796 0.42427,-0.75389 0.500076,-1.07983 0.274414,-1.17991 0.17467,-3.66286 -0.166793,-4.15207 -0.229704,-0.32909 -0.902935,-0.2271 -1.357366,0.20564 -0.540007,0.51422 -0.773332,1.67828 -0.705051,3.51749 0.03796,1.02241 0.110242,1.39913 0.318393,1.65933 0.396309,0.49542 0.976472,0.4335 1.410741,-0.15056 z m 5.775122,2.22116 c -0.12529,-0.14179 -0.175142,-0.9581 -0.175142,-2.86789 0,-2.35311 -0.04072,-2.82829 -0.343382,-4.00736 -0.18886,-0.73573 -0.386634,-1.46406 -0.439498,-1.61851 -0.07438,-0.21734 0.02094,-0.33618 0.421576,-0.52562 1.122817,-0.53092 1.282733,-0.50183 1.703047,0.30983 0.42578,0.82221 0.669951,0.91306 0.986165,0.3669 0.546746,-0.94433 2.347807,-1.4966 3.344197,-1.02546 0.668191,0.31596 1.209175,1.13947 1.394952,2.12346 0.08578,0.45436 0.132847,2.18817 0.110506,4.07091 l -0.03891,3.27948 H 40.14139 39.010515 l -0.08396,-2.95953 c -0.106245,-3.74507 -0.306619,-4.63926 -1.039583,-4.63926 -0.364471,0 -0.83423,0.52035 -1.083164,1.19981 -0.106079,0.28954 -0.207948,1.65396 -0.256796,3.43945 l -0.08097,2.95953 -0.991072,0.0462 c -0.649363,0.0303 -1.05146,-0.0221 -1.166215,-0.15197 z m 19.501814,-0.0717 c -0.882809,-0.5119 -0.938229,-0.80811 -0.993193,-5.30867 l -0.04941,-4.04605 1.17876,0.0467 1.178759,0.0467 0.07068,3.53532 c 0.07521,3.76187 0.132786,4.06347 0.775722,4.06347 0.409186,0 1.002385,-0.53179 1.309498,-1.17394 0.19757,-0.4131 0.251306,-1.05662 0.293225,-3.51154 l 0.05132,-3.00575 1.152885,0.0462 1.152885,0.0462 0.07539,3.59943 c 0.05958,2.84501 0.125817,3.75031 0.316001,4.31931 0.132338,0.39594 0.241541,0.79673 0.242673,0.89064 0.0019,0.15647 -1.296018,0.70911 -1.665382,0.70911 -0.08707,0 -0.326071,-0.32395 -0.531105,-0.71989 -0.391331,-0.75569 -0.582557,-0.88197 -0.720322,-0.47568 -0.04554,0.13431 -0.368329,0.43356 -0.717303,0.66501 -0.825911,0.54775 -2.408266,0.68623 -3.12108,0.27313 z m 9.479215,0.003 c -0.683204,-0.39413 -0.753153,-0.93122 -0.710088,-5.45223 l 0.03783,-3.97179 1.04774,-0.0475 c 0.742673,-0.0337 1.081605,0.0129 1.16405,0.15998 0.06397,0.11412 0.117285,1.8115 0.118475,3.77195 0.002,3.25386 0.02372,3.57199 0.249544,3.65096 0.535978,0.18744 0.675043,0.36211 0.764855,0.9607 0.131586,0.87701 -0.09319,1.08078 -1.260067,1.14227 -0.68001,0.0358 -1.085343,-0.0257 -1.412342,-0.21431 z m 5.082098,-0.0125 c -0.256003,-0.14279 -0.542256,-0.4111 -0.636117,-0.59626 -0.122922,-0.24248 -0.182686,-2.04446 -0.21366,-6.44215 -0.04064,-5.77025 -0.029,-6.11014 0.212039,-6.19009 0.588238,-0.19513 1.922802,-0.41181 2.038402,-0.33095 0.06874,0.0481 0.124991,2.67222 0.124991,5.83143 0,5.51521 0.01089,5.75061 0.273426,5.90962 0.150384,0.0911 0.492297,0.1656 0.759807,0.1656 0.431659,0 0.496321,0.0563 0.57473,0.49992 0.168579,0.9539 0.126336,1.05102 -0.539684,1.24081 -0.892995,0.25447 -2.050385,0.21524 -2.593934,-0.0879 z m 5.526758,-0.046 c -0.728869,-0.50294 -0.767518,-0.89748 -0.721077,-7.36103 l 0.04192,-5.83421 1.04748,-0.19844 c 0.576114,-0.10915 1.100911,-0.16107 1.166215,-0.1154 0.0653,0.0457 0.118735,2.66785 0.118735,5.82706 0,5.63856 0.0054,5.74726 0.291593,5.92062 0.160376,0.0971 0.491416,0.15366 0.735645,0.12561 0.41475,-0.0476 0.451733,-0.009 0.560443,0.58207 0.06401,0.34819 0.08635,0.72165 0.04964,0.82991 -0.192751,0.56845 -2.558012,0.72932 -3.290599,0.22381 z m 6.451237,0.17031 c -1.683059,-0.62034 -2.288598,-1.82122 -2.30776,-4.57666 -0.0133,-1.91305 0.292088,-2.92396 1.19044,-3.94061 0.842997,-0.95401 1.878703,-1.34883 3.145313,-1.19901 2.271105,0.26864 3.522955,2.36468 3.306806,5.53676 -0.130851,1.92029 -0.657586,2.97105 -1.903615,3.79743 -0.543044,0.36016 -0.840857,0.43583 -1.858113,0.47214 -0.66628,0.0238 -1.374162,-0.0167 -1.573071,-0.09 z m 2.447394,-2.43777 c 0.62914,-0.95719 0.376809,-4.12381 -0.393897,-4.9432 -0.428127,-0.45517 -1.013505,-0.36445 -1.395145,0.21622 -0.263407,0.40077 -0.296699,0.67076 -0.296699,2.40615 0,1.6157 0.04431,2.03135 0.255496,2.39651 0.226592,0.39181 0.328927,0.43632 0.904612,0.3934 0.508256,-0.0379 0.709121,-0.13967 0.925633,-0.46908 z m 12.224701,2.4063 c -1.210525,-0.32276 -2.423578,-1.41257 -2.84414,-2.55521 -0.115309,-0.31328 -0.284559,-1.32296 -0.376112,-2.24372 -0.221856,-2.23125 -0.04005,-3.64184 0.677995,-5.26054 0.892033,-2.01091 2.322054,-2.95125 4.488145,-2.95125 3.49113,0 5.40278,2.78401 5.11058,7.4427 -0.18117,2.8885 -1.40382,4.78756 -3.545944,5.50772 -0.758823,0.2551 -2.657554,0.28772 -3.510524,0.0603 z m 3.38812,-2.41695 c 0.636733,-0.69841 0.890198,-1.74057 0.890198,-3.66019 0,-3.23224 -0.902346,-4.94702 -2.60321,-4.94702 -0.511874,0 -0.736836,0.098 -1.13637,0.49498 -0.649894,0.64575 -0.925846,1.67543 -1.024919,3.82433 -0.16579,3.59601 0.659233,5.08421 2.704212,4.87791 0.546085,-0.0551 0.798409,-0.18232 1.170089,-0.59001 z m 6.154278,2.40528 c -0.1257,-0.14225 -0.17514,-0.97448 -0.17514,-2.94788 0,-2.45829 -0.0374,-2.8959 -0.3534,-4.12976 -0.19437,-0.75905 -0.3534,-1.4842 -0.3534,-1.61144 0,-0.19393 1.15267,-0.72367 1.57465,-0.72367 0.0604,0 0.2775,0.32395 0.48253,0.71989 0.20504,0.39594 0.43604,0.71988 0.51333,0.71988 0.0773,0 0.4139,-0.31831 0.74802,-0.70736 0.48739,-0.56753 0.73856,-0.72961 1.27059,-0.8199 0.39945,-0.0678 0.7982,-0.0429 1.00286,0.0627 0.36618,0.18881 0.36609,0.40174 -8e-4,1.86454 -0.15255,0.60825 -0.19297,0.64416 -0.81739,0.72614 -0.70448,0.0925 -1.18545,0.47093 -1.41529,1.11357 -0.0787,0.21996 -0.18269,1.62374 -0.23115,3.1195 l -0.0881,2.71957 -0.99108,0.0462 c -0.64936,0.0303 -1.05145,-0.0221 -1.16621,-0.15197 z m 16.8085,0.0146 c -0.63261,-0.28674 -1.15894,-0.8181 -1.46803,-1.48204 -0.27239,-0.58513 -0.3108,-0.92012 -0.31486,-2.74609 -0.005,-2.03396 0.005,-2.09901 0.43342,-2.95953 0.48782,-0.97984 1.48776,-1.93909 2.31305,-2.21891 0.29314,-0.0994 0.91758,-0.18071 1.38764,-0.18071 1.08688,0 3.01658,0.41325 3.16496,0.67778 0.0623,0.11114 0.1164,1.60586 0.12013,3.32158 0.006,2.66147 0.0469,3.2487 0.28027,3.99937 0.15042,0.48392 0.27556,0.95845 0.2781,1.0545 0.006,0.22117 -1.60686,0.78344 -1.81983,0.63448 -0.0872,-0.061 -0.28623,-0.39401 -0.4422,-0.73999 -0.15596,-0.34597 -0.33392,-0.62904 -0.39547,-0.62904 -0.0615,0 -0.25732,0.22258 -0.43505,0.49463 -0.17772,0.27204 -0.53751,0.59599 -0.79952,0.71988 -0.53557,0.25325 -1.79782,0.2829 -2.30261,0.0541 z m 2.43699,-2.23572 c 0.19923,-0.26796 0.42427,-0.75389 0.50008,-1.07983 0.27441,-1.17991 0.17467,-3.66286 -0.1668,-4.15207 -0.2297,-0.32909 -0.90293,-0.2271 -1.35736,0.20564 -0.54001,0.51422 -0.77334,1.67828 -0.70505,3.51749 0.0379,1.02241 0.11024,1.39913 0.31839,1.65933 0.39631,0.49542 0.97647,0.4335 1.41074,-0.15056 z m 5.77512,2.22116 c -0.12529,-0.14179 -0.17514,-0.9581 -0.17514,-2.86789 0,-2.35311 -0.0407,-2.82829 -0.34338,-4.00736 -0.18886,-0.73573 -0.38664,-1.46406 -0.4395,-1.61851 -0.0744,-0.21734 0.0209,-0.33618 0.42158,-0.52562 1.12281,-0.53092 1.28273,-0.50183 1.70304,0.30983 0.42578,0.82221 0.66995,0.91306 0.98617,0.3669 0.54674,-0.94433 2.3478,-1.4966 3.34419,-1.02546 0.6682,0.31596 1.20918,1.13947 1.39496,2.12346 0.0858,0.45436 0.13284,2.18817 0.1105,4.07091 l -0.0389,3.27948 h -1.13088 -1.13087 l -0.084,-2.95953 c -0.10625,-3.74507 -0.30662,-4.63926 -1.03959,-4.63926 -0.36447,0 -0.83423,0.52035 -1.08316,1.19981 -0.10608,0.28954 -0.20795,1.65396 -0.2568,3.43945 l -0.081,2.95953 -0.99107,0.0462 c -0.64937,0.0303 -1.05146,-0.0221 -1.16622,-0.15197 z m 10.0492,-0.0475 c -0.79794,-0.39281 -0.82394,-0.55709 -0.82394,-5.20593 v -4.23932 l 1.09553,-0.0467 c 0.60255,-0.0257 1.10848,-0.0257 1.1243,0 0.0158,0.0257 0.0635,1.73784 0.10602,3.80476 l 0.0773,3.75804 0.42289,0.0827 c 0.3303,0.0646 0.44271,0.18748 0.51338,0.56128 0.18677,0.98794 0.14597,1.15847 -0.32125,1.34279 -0.60386,0.23823 -1.649,0.21081 -2.19419,-0.0576 z m 3.72312,0.12656 c -0.0518,-0.0587 -0.0942,-0.42676 -0.0942,-0.818 0,-0.61971 0.14567,-0.96302 1.13087,-2.66516 0.62199,-1.07459 1.13088,-2.07254 1.13088,-2.21765 0,-0.14511 0.12698,-0.49955 0.28219,-0.78763 0.4678,-0.8683 0.41244,-0.92372 -0.92274,-0.92372 -1.33618,0 -1.27337,0.056 -1.39056,-1.2398 l -0.076,-0.83987 h 2.88623 c 2.80624,0 2.89073,0.01 3.04845,0.34301 0.32914,0.69599 0.0562,1.49755 -1.41055,4.14243 -0.78515,1.41581 -1.42755,2.63313 -1.42755,2.70515 0,0.19484 0.64109,0.35137 1.90836,0.46594 l 1.13087,0.10224 0.0458,0.54205 c 0.0252,0.29813 0.008,0.71207 -0.038,0.91986 l -0.0838,0.3778 h -3.01298 c -1.65713,0 -3.05538,-0.048 -3.10721,-0.10665 z m 9.51728,-0.0328 c -1.09062,-0.40634 -1.83464,-1.16731 -2.13165,-2.1802 -0.10595,-0.36133 -0.1903,-1.37114 -0.19375,-2.31963 -0.006,-1.52637 0.0303,-1.76363 0.39257,-2.59853 0.73972,-1.70478 1.85543,-2.54484 3.52521,-2.65428 0.81018,-0.0531 1.06906,3.6e-4 1.70381,0.3518 1.05462,0.58393 1.43209,1.3853 1.38523,2.94086 -0.0334,1.1076 -1.58419,2.42758 -3.32371,2.82895 -1.00362,0.23156 -1.14275,0.5078 -0.57778,1.14716 0.36809,0.41656 0.40017,0.4225 1.90331,0.35241 l 1.52892,-0.0713 0.15613,0.58975 c 0.25152,0.95008 0.21099,1.04313 -0.58601,1.34528 -0.81719,0.30981 -3.21396,0.47946 -3.78228,0.26772 z m 1.54022,-5.70929 c 0.82032,-0.78115 0.71425,-2.21788 -0.15646,-2.11936 -0.51977,0.0588 -0.92467,0.60873 -1.1015,1.49602 -0.21373,1.07245 0.44404,1.39839 1.25796,0.62334 z m 5.42109,5.66299 c -0.12529,-0.14179 -0.17514,-0.9581 -0.17514,-2.86789 0,-2.40951 -0.036,-2.80783 -0.36917,-4.08735 -0.20304,-0.77972 -0.37797,-1.5215 -0.38874,-1.6484 -0.0232,-0.27374 1.2463,-0.85961 1.58818,-0.73294 0.12646,0.0469 0.37363,0.33684 0.54928,0.64441 0.17565,0.30757 0.38853,0.55922 0.47307,0.55922 0.0845,0 0.43927,-0.28447 0.7883,-0.63215 0.44532,-0.44361 0.81655,-0.66304 1.24463,-0.73568 1.22847,-0.20849 1.42345,0.1512 0.98587,1.81872 -0.21711,0.82737 -0.21862,0.82891 -0.81282,0.83246 -0.64219,0.004 -1.07609,0.30221 -1.39068,0.95629 -0.13211,0.27467 -0.21477,1.27681 -0.26392,3.1995 l -0.0716,2.79955 -0.99108,0.0462 c -0.64936,0.0303 -1.05145,-0.0221 -1.16621,-0.15197 z m 10.20361,-0.0295 c -0.0401,-0.11836 0.87889,-3.05189 2.04227,-6.51896 l 2.11524,-6.30377 1.05016,-0.0463 c 0.72947,-0.0321 1.09478,0.0167 1.19628,0.15998 0.31916,0.45048 4.16404,12.63935 4.03356,12.78701 -0.0737,0.0834 -0.63679,0.13034 -1.2514,0.1044 l -1.11746,-0.0472 -0.42408,-1.3606 c -0.23324,-0.74832 -0.47554,-1.45021 -0.53844,-1.55975 -0.16172,-0.28162 -3.68156,-0.28089 -3.87747,8.1e-4 -0.0765,0.10999 -0.28128,0.73989 -0.4551,1.39978 -0.17382,0.6599 -0.38126,1.2898 -0.46099,1.39978 -0.20799,0.28692 -2.2146,0.2737 -2.31257,-0.0152 z m 6.29838,-5.29946 c 0.13916,-0.18976 0.0664,-0.59911 -0.37475,-2.10758 -0.30109,-1.02965 -0.61993,-1.89943 -0.70853,-1.93285 -0.14978,-0.0565 -1.1752,3.18707 -1.1752,3.71734 0,0.35984 0.43966,0.54852 1.29027,0.55372 0.53228,0.003 0.85265,-0.0731 0.96821,-0.23063 z M 62.974831,121.41695 c -0.381511,-0.21846 -0.70442,-1.19998 -0.599374,-1.82185 0.105934,-0.62714 0.711825,-1.17279 1.302267,-1.17279 1.393393,0 1.890474,2.27519 0.643398,2.9449 -0.568085,0.30507 -0.880262,0.31661 -1.346291,0.0497 z m 76.298559,0.0203 c -0.27318,-0.11301 -0.42691,-0.33005 -0.52931,-0.74725 -0.22059,-0.89882 -0.17834,-1.23966 0.22008,-1.77552 0.29148,-0.39202 0.47628,-0.4922 0.90797,-0.4922 1.45593,0 1.96107,2.34253 0.63986,2.96727 -0.55908,0.26436 -0.70159,0.26985 -1.2386,0.0477 z"
         id="path5" /></g></g></svg>
